
0 3.1537782263151257E-6
1 2.1820991547874353E-5 
2 2.633436356755393E-4 
3 0.00325230225810521 
4 0.02907738741011732 
5 0.13441961334678945 
6 0.2807111549135865 
7 0.2855754856818469 
8 0.16670327992935538 
9 0.06742993566292418 
10 0.022642566544720574 
11 0.0071304024221016775 
12 0.0020210735461082376 
13 5.524946385770152E-4 
14 1.4965623817333166E-4 
15 3.5981455784029266E-5 
16 8.240822505361423E-6 
17 1.7755771414154156E-6 
18 2.9330137504730666E-7 
19 3.153778226315126E-8 
20 6.307556452630251E-9