
0  3.0
1  5.0
2  10.0
3  22.0
4  94.0
5  294.0
6  1440.0
7  6350.0
8  22243.0
9  58554.0
10  113735.0
11  171797.0
12  217310.0
13  248257.0
14  268216.0
15  281071.0
16  289912.0
17  295908.0
18  300322.0
19  303629.0
20  306110.0
21  308047.0
22  309617.0
23  310911.0
24  311922.0
25  312789.0
26  313452.0
27  314040.0
28  314485.0
29  314885.0
30  315229.0
31  315504.0
32  315719.0
33  315922.0
34  316117.0
35  316262.0
36  316367.0
37  316468.0
38  316562.0
39  316618.0
40  316668.0
41  316727.0
42  316772.0
43  316814.0
44  316851.0
45  316882.0
46  316910.0
47  316939.0
48  316959.0
49  316975.0
50  316994.0
51  317006.0
52  317011.0
53  317018.0
54  317023.0
55  317029.0
56  317037.0
57  317044.0
58  317047.0
59  317055.0
60  317062.0
61  317065.0
62  317069.0
63  317070.0
64  317071.0
65  317072.0
66  317072.0
67  317074.0
68  317076.0
69  317077.0
70  317079.0
71  317080.0
72  317080.0
73  317081.0
74  317081.0
75  317081.0
76  317081.0
77  317081.0
78  317081.0
79  317081.0
80  317081.0
81  317081.0
82  317081.0
83  317081.0
84  317082.0
85  317082.0
86  317082.0
87  317082.0
88  317082.0
89  317082.0