
0  3.0
1  3.0
2  4.0
3  4.0
4  6.0
5  9.0
6  13.0
7  21.0
8  36.0
9  65.0
10  116.0
11  221.0
12  366.0
13  645.0
14  1141.0
15  2037.0
16  3711.0
17  6588.0
18  11814.0
19  20675.0
20  35697.0
21  59883.0
22  95289.0
23  141444.0
24  191634.0
25  235983.0
26  268225.0
27  288450.0
28  300016.0
29  306517.0
30  310246.0
31  312334.0
32  313665.0
33  314532.0
34  315095.0
35  315466.0
36  315752.0
37  315949.0
38  316071.0
39  316193.0
40  316285.0
41  316358.0
42  316402.0
43  316441.0
44  316473.0
45  316494.0
46  316514.0
47  316535.0
48  316549.0
49  316566.0
50  316580.0
51  316587.0
52  316592.0
53  316598.0
54  316606.0
55  316613.0
56  316618.0
57  316621.0
58  316625.0
59  316628.0
60  316630.0
61  316631.0
62  316632.0
63  316633.0
64  316634.0
65  316636.0
66  316636.0
67  316638.0
68  316638.0
69  316639.0
70  316640.0
71  316641.0
72  316641.0
73  316642.0
74  316644.0
75  316644.0
76  316644.0
77  316645.0
78  316645.0
79  316645.0
80  316645.0
81  316645.0
82  316645.0
83  316645.0
84  316645.0
85  316645.0
86  316645.0
87  316645.0
88  316645.0
89  316645.0