
0  1.0
1  1.0
2  1.0
3  1.0
4  2.0
5  2.0
6  3.0
7  5.0
8  10.0
9  14.0
10  46.0
11  142.0
12  489.0
13  2087.0
14  7297.0
15  20092.0
16  43404.0
17  75294.0
18  110000.0
19  143265.0
20  173069.0
21  198502.0
22  219452.0
23  236607.0
24  250758.0
25  262049.0
26  271130.0
27  278659.0
28  284885.0
29  289866.0
30  294065.0
31  297578.0
32  300466.0
33  302921.0
34  304992.0
35  306784.0
36  308280.0
37  309570.0
38  310577.0
39  311431.0
40  312193.0
41  312837.0
42  313415.0
43  313912.0
44  314327.0
45  314696.0
46  315023.0
47  315291.0
48  315525.0
49  315730.0
50  315902.0
51  316028.0
52  316154.0
53  316251.0
54  316370.0
55  316458.0
56  316535.0
57  316585.0
58  316648.0
59  316687.0
60  316729.0
61  316779.0
62  316811.0
63  316835.0
64  316861.0
65  316878.0
66  316900.0
67  316929.0
68  316954.0
69  316971.0
70  316987.0
71  316996.0
72  317007.0
73  317015.0
74  317019.0
75  317021.0
76  317024.0
77  317035.0
78  317041.0
79  317049.0
80  317050.0
81  317053.0
82  317056.0
83  317058.0
84  317059.0
85  317061.0
86  317065.0
87  317068.0
88  317070.0
89  317074.0