
0  1.0
1  1.0
2  1.0
3  3.0
4  4.0
5  4.0
6  4.0
7  4.0
8  4.0
9  5.0
10  18.0
11  73.0
12  181.0
13  447.0
14  1019.0
15  2259.0
16  4590.0
17  8305.0
18  13704.0
19  20217.0
20  27531.0
21  35143.0
22  42490.0
23  49575.0
24  56206.0
25  62264.0
26  67698.0
27  72661.0
28  77004.0
29  80743.0
30  84089.0
31  86917.0
32  89453.0
33  91661.0
34  93677.0
35  95380.0
36  96926.0
37  98290.0
38  99424.0
39  100419.0
40  101302.0
41  102072.0
42  102784.0
43  103390.0
44  103896.0
45  104361.0
46  104764.0
47  105141.0
48  105425.0
49  105685.0
50  105910.0
51  106144.0
52  106357.0
53  106535.0
54  106694.0
55  106842.0
56  106953.0
57  107053.0
58  107151.0
59  107230.0
60  107309.0
61  107367.0
62  107419.0
63  107480.0
64  107536.0
65  107586.0
66  107619.0
67  107654.0
68  107682.0
69  107711.0
70  107735.0
71  107757.0
72  107782.0
73  107800.0
74  107815.0
75  107829.0
76  107841.0
77  107848.0
78  107859.0
79  107870.0
80  107875.0
81  107880.0
82  107888.0
83  107893.0
84  107897.0
85  107901.0
86  107904.0
87  107906.0
88  107909.0
89  107910.0