
0  1.0
1  1.0
2  1.0
3  1.0
4  1.0
5  1.0
6  2.0
7  3.0
8  6.0
9  10.0
10  13.0
11  17.0
12  23.0
13  35.0
14  51.0
15  75.0
16  108.0
17  143.0
18  206.0
19  274.0
20  373.0
21  487.0
22  621.0
23  812.0
24  1090.0
25  1411.0
26  1879.0
27  2489.0
28  3278.0
29  4390.0
30  5849.0
31  7606.0
32  9936.0
33  12992.0
34  16912.0
35  21600.0
36  27293.0
37  34220.0
38  42246.0
39  51425.0
40  61299.0
41  71520.0
42  82014.0
43  92007.0
44  101357.0
45  109593.0
46  116867.0
47  123018.0
48  128196.0
49  132401.0
50  135780.0
51  138546.0
52  140833.0
53  142653.0
54  144158.0
55  145404.0
56  146460.0
57  147291.0
58  147958.0
59  148524.0
60  149032.0
61  149430.0
62  149769.0
63  150090.0
64  150348.0
65  150562.0
66  150755.0
67  150927.0
68  151090.0
69  151207.0
70  151338.0
71  151427.0
72  151503.0
73  151582.0
74  151643.0
75  151690.0
76  151727.0
77  151769.0
78  151806.0
79  151833.0
80  151853.0
81  151872.0
82  151894.0
83  151911.0
84  151925.0
85  151941.0
86  151945.0
87  151952.0
88  151966.0
89  151978.0