
0  1.0
1  1.0
2  2.0
3  3.0
4  7.0
5  24.0
6  57.0
7  169.0
8  519.0
9  1359.0
10  3478.0
11  7854.0
12  15054.0
13  25490.0
14  38476.0
15  52546.0
16  66320.0
17  78832.0
18  89584.0
19  98575.0
20  105956.0
21  111888.0
22  116674.0
23  120509.0
24  123733.0
25  126275.0
26  128368.0
27  130107.0
28  131561.0
29  132719.0
30  133726.0
31  134566.0
32  135259.0
33  135875.0
34  136352.0
35  136811.0
36  137200.0
37  137541.0
38  137818.0
39  138082.0
40  138273.0
41  138441.0
42  138581.0
43  138752.0
44  138855.0
45  138964.0
46  139045.0
47  139111.0
48  139169.0
49  139232.0
50  139280.0
51  139317.0
52  139347.0
53  139376.0
54  139403.0
55  139433.0
56  139459.0
57  139478.0
58  139490.0
59  139510.0
60  139523.0
61  139531.0
62  139544.0
63  139548.0
64  139556.0
65  139562.0
66  139569.0
67  139573.0
68  139581.0
69  139585.0
70  139587.0
71  139589.0
72  139593.0
73  139597.0
74  139598.0
75  139599.0
76  139600.0
77  139600.0
78  139601.0
79  139603.0
80  139603.0
81  139603.0
82  139603.0
83  139603.0
84  139603.0
85  139603.0
86  139604.0
87  139604.0
88  139606.0
89  139607.0