
0  3.0
1  13.0
2  49.0
3  208.0
4  752.0
5  2820.0
6  10311.0
7  33432.0
8  80792.0
9  116991.0
10  124089.0
11  124745.0
12  124816.0
13  124826.0
14  124828.0
15  124829.0
16  124829.0
17  124830.0
18  124830.0
19  124830.0
20  124830.0
21  124830.0
22  124830.0
23  124830.0
24  124830.0
25  124830.0
26  124830.0
27  124830.0
28  124830.0
29  124830.0
30  124830.0
31  124830.0
32  124830.0
33  124830.0
34  124830.0
35  124830.0
36  124830.0
37  124830.0
38  124830.0
39  124830.0
40  124830.0
41  124830.0
42  124830.0
43  124830.0
44  124830.0
45  124830.0
46  124830.0
47  124830.0
48  124830.0
49  124830.0
50  124830.0
51  124830.0
52  124830.0
53  124830.0
54  124830.0
55  124830.0
56  124830.0
57  124830.0
58  124830.0
59  124830.0
60  124830.0
61  124830.0
62  124830.0
63  124830.0
64  124830.0
65  124830.0
66  124830.0
67  124830.0
68  124830.0
69  124830.0
70  124830.0
71  124830.0
72  124830.0
73  124830.0
74  124830.0
75  124830.0
76  124830.0
77  124830.0
78  124830.0
79  124830.0
80  124830.0
81  124830.0
82  124830.0
83  124830.0
84  124830.0
85  124830.0
86  124830.0
87  124830.0
88  124830.0
89  124830.0