
0  1.0
1  4.0
2  10.0
3  39.0
4  88.0
5  340.0
6  1282.0
7  4492.0
8  12249.0
9  25334.0
10  41406.0
11  56319.0
12  68106.0
13  76518.0
14  82391.0
15  86441.0
16  89327.0
17  91400.0
18  92956.0
19  94105.0
20  94964.0
21  95619.0
22  96119.0
23  96527.0
24  96875.0
25  97153.0
26  97364.0
27  97500.0
28  97651.0
29  97759.0
30  97858.0
31  97949.0
32  98030.0
33  98071.0
34  98129.0
35  98162.0
36  98202.0
37  98240.0
38  98272.0
39  98296.0
40  98319.0
41  98332.0
42  98347.0
43  98361.0
44  98374.0
45  98380.0
46  98388.0
47  98395.0
48  98401.0
49  98410.0
50  98417.0
51  98421.0
52  98423.0
53  98427.0
54  98431.0
55  98432.0
56  98436.0
57  98436.0
58  98436.0
59  98436.0
60  98438.0
61  98438.0
62  98438.0
63  98438.0
64  98439.0
65  98439.0
66  98439.0
67  98439.0
68  98441.0
69  98441.0
70  98441.0
71  98441.0
72  98441.0
73  98442.0
74  98442.0
75  98442.0
76  98442.0
77  98442.0
78  98442.0
79  98442.0
80  98442.0
81  98442.0
82  98442.0
83  98442.0
84  98442.0
85  98442.0
86  98442.0
87  98442.0
88  98442.0
89  98442.0