
0  1.0
1  1.0
2  1.0
3  1.0
4  1.0
5  1.0
6  1.0
7  2.0
8  2.0
9  4.0
10  6.0
11  17.0
12  60.0
13  199.0
14  662.0
15  2009.0
16  5276.0
17  11493.0
18  20106.0
19  29449.0
20  38372.0
21  46353.0
22  53229.0
23  59038.0
24  63881.0
25  67793.0
26  71202.0
27  73946.0
28  76210.0
29  78211.0
30  79882.0
31  81354.0
32  82587.0
33  83636.0
34  84535.0
35  85292.0
36  85959.0
37  86500.0
38  86995.0
39  87458.0
40  87840.0
41  88161.0
42  88443.0
43  88692.0
44  88930.0
45  89121.0
46  89295.0
47  89441.0
48  89567.0
49  89664.0
50  89753.0
51  89831.0
52  89915.0
53  89987.0
54  90042.0
55  90117.0
56  90162.0
57  90203.0
58  90235.0
59  90266.0
60  90288.0
61  90303.0
62  90318.0
63  90337.0
64  90352.0
65  90368.0
66  90377.0
67  90389.0
68  90396.0
69  90403.0
70  90411.0
71  90423.0
72  90429.0
73  90438.0
74  90441.0
75  90443.0
76  90444.0
77  90447.0
78  90452.0
79  90453.0
80  90455.0
81  90459.0
82  90459.0
83  90461.0
84  90462.0
85  90463.0
86  90465.0
87  90466.0
88  90466.0
89  90467.0